import pandas as pd

path = "C:/Users/Shaoyi Lu/Desktop/SEP 785/Assignment 1/dataB.xlsx"

data = pd.read_excel(path, header=None)

pd.set_option('display.max_columns', None)

mean = data.mean()
cov = data.cov()

print("Mean of each attribute:")
print(mean)
print("\nCovariance matrix:")
print(cov)

# Answer:

# Mean of each attribute:
# 0    9.570620
# 1    6.150149
# 2    8.080165
# 3    9.559892
# 4    8.804075
# 5    2.194913
# 6    0.206350
# 7    4.549426
# 8    0.066598
# 9    4.655756

# Covariance matrix:
#           0         1         2          3         4          5         6         7          8          9
# 0  9.574105  0.157426  0.691006  -0.043157 -0.155295   1.129341  0.026446  -0.486546   0.956364   0.533278
# 1  0.157426  9.516406  0.477571   0.413335  0.005574   0.531945  0.111002   0.170331   0.841055   1.339150
# 2  0.691006  0.477571  8.657420  -0.311621  0.165566   0.192253  0.185855   0.410173   0.228895  -0.154273
# 3 -0.043157  0.413335 -0.311621  10.270527  0.251005   0.348812  0.689926   0.322558   0.722534   1.049989
# 4 -0.155295  0.005574  0.165566   0.251005  9.651176   0.650887  0.152645  -0.166055   1.357887  -0.198050
# 5  1.129341  0.531945  0.192253   0.348812  0.650887  10.915045  0.801090   0.339465   0.096889   1.340083
# 6  0.026446  0.111002  0.185855   0.689926  0.152645   0.801090  9.264921  -0.199191  -0.214818   0.859626
# 7 -0.486546  0.170331  0.410173   0.322558 -0.166055   0.339465 -0.199191   9.161653   0.295343   0.136371
# 8  0.956364  0.841055  0.228895   0.722534  1.357887   0.096889 -0.214818   0.295343  10.147807   1.962903
# 9  0.533278  1.339150 -0.154273   1.049989 -0.198050   1.340083  0.859626   0.136371   1.962903  10.605963
